#date=2022/01/30 18:19:41;source=MUSIALv2.0;protein=TP0698.PPM3.pdb
	34A	22A	98A	161A	86A	173A	74A	62A	50A	121A	133A	90A	145A	19A	157A	169A	105A	59A	117A	47A	129A	35A	23A	99A	87A	150A	75A	162A	63A	174A	51A	110A	122A	91A	134A	146A	158A	48A	106A	36A	118A	24A	88A	76A	64A	151A	52A	163A	40A	175A	111A	92A	80A	123A	135A	147A	159A	49A	37A	25A	107A	119A	89A	77A	65A	53A	140A	41A	152A	164A	176A	93A	100A	81A	180A	112A	124A	136A	148A	38A	26A	108A	78A	66A	54A	42A	30A	141A	153A	94A	165A	82A	177A	70A	109A	101A	113A	125A	39A	137A	27A	149A	79A	67A	170A	55A	43A	31A	130A	95A	142A	83A	154A	71A	166A	178A	102A	114A	28A	126A	138A	68A	56A	44A	171A	32A	20A	96A	84A	131A	72A	143A	60A	155A	167A	179A	29A	103A	17A	115A	127A	139A	69A	57A	45A	33A	160A	21A	172A	97A	85A	73A	120A	61A	132A	144A	156A	168A	18A	104A	116A	128A	58A	46A
34A	0.0	20.308103420190278	21.888354117333538	32.33748438330158	25.623278236240143	13.663396337797522	18.566071412140342	19.990964774538888	14.616449088513553	48.6933745806936	29.03811518025488	28.620297134882872	12.024757434769509	30.684326325203838	29.68991158825646	19.3336314973839	28.05423684416148	14.180216049107711	44.04086458156007	15.664092913134759	30.121723521341348	4.881731139089126	16.093719821863687	17.789972966264084	22.462400271693514	14.31849024923241	18.070262106434097	28.024249743067216	24.346910372558074	9.25838175797295	19.894357797820184	35.825713313102504	49.40783657646856	24.38474414989932	28.794561738310268	10.228719070896943	30.460545845104654	18.01442353967885	25.77360728896486	8.536877376038467	43.030382967836886	13.033555968354163	26.41287356577113	16.07747331394187	23.678048606559447	16.423829643573193	21.15701995278264	22.457158258654225	10.26395979263864	7.625805804002743	33.43333647912552	29.550033445510103	28.19145974522819	44.742526131859115	22.69351414573509	12.413544200915132	23.339523057301726	18.77293153781442	13.493816958624146	10.189204995891687	29.304999401187924	47.23585806228072	22.466458917208058	20.419352159397864	28.677345857215702	12.29858776191676	15.77710474096871	12.505169190227008	19.383023166839017	28.07550846177536	6.381795642193691	25.449833426111553	23.993314888452066	30.705507150261067	19.379205280597695	38.47917316346423	48.758990995107254	22.57077208014648	10.18110647474588	12.13372796941142	11.380565905882566	28.129822081168115	20.232959595557215	31.60041635827452	19.210909770982052	14.61805516453886	9.405807498738952	18.783549359646823	23.621715531229576	29.521462868290683	32.45805435831495	26.504702741231654	13.15669280216963	23.88192043551412	31.82445298096302	22.837988191400022	38.21476126291714	41.82089233187647	7.767105064305358	17.78435042725781	7.604739961720927	13.512043769937922	21.696595382779257	29.85515690342064	22.9529752649251	11.714586305723852	15.906868767858928	5.5327597856264035	33.58026645319045	29.850372637016292	12.756584395830382	27.38696865631938	25.01510267692208	26.82332013913335	26.16525712968148	15.285886205933089	21.374209057168336	34.66832689798862	10.64076377790288	41.36569023563957	17.938208415051786	29.679387363198252	12.878146897510144	14.238540099113166	19.117336015274162	8.638054376793988	25.611291660099763	27.180317452243063	23.084247165264635	35.65413615304842	20.24745748758029	18.104814552630017	16.002508956537365	29.293967010610924	25.665810751129417	19.085082607685553	12.698992807603998	26.816351304964183	29.421331429961597	38.993995538005215	35.87019750836669	17.856393250310227	30.896701551470432	12.383871840131281	16.476964803369782	10.239108127006196	26.885879268975184	21.76958097766527	16.152556354929338	25.469030753071472	30.54684794463722	21.420244463530317	44.73939423322155	18.27095514991723	32.64630685339322	15.050815272645487	33.488655058697084	20.73211275518672	31.110249356870497	22.203075981603156	38.89387977965854	36.23589577663815	11.743160846022002	17.124591016939554
22A	20.308103420190278	0.0	15.661289159671918	36.76340938060172	20.230303359070017	18.12718699511766	15.55825696769067	6.824901024923358	33.20926882759528	52.287532126782594	24.8344258458946	16.88130183680622	18.36083954829864	11.299149697780678	30.533484808836157	28.01805778478847	20.354028775288693	11.422645093694713	49.176899688584776	34.159889241623716	31.294771372387423	18.118074019146327	8.255917427064047	17.05879542384221	20.014236235410973	17.122077173350156	17.32245968182841	35.292148572289555	8.737608593234844	19.682691176649517	36.53109409535287	32.07329147599256	50.79142325796439	13.122223711812607	22.561090497128962	11.85825553299111	34.348730049766694	37.989863816445805	19.776814346964116	20.33146733163012	50.30577978149225	9.420053914435622	17.655462270923405	20.82009233978372	4.520654746746947	17.113407120901268	38.20758680777247	30.044950374057727	24.43004588616239	15.343599214563149	31.165968358359823	16.202139502032118	30.591624211481108	46.634738779154745	20.38422552279249	10.11465955927336	27.46629970453632	37.4482152101882	24.012157144985867	12.32662570365853	21.89925416864366	52.390589966138	15.750155434040266	24.895848936073037	10.466323164764486	29.119057794461717	16.831329161670528	27.567304597483737	21.73966478253845	31.640477242678884	14.025763495048944	11.712877644468318	11.77643201126014	35.11936744542197	7.153465487174062	36.49383622190004	47.94771249078645	20.572840417387326	14.86454749950631	27.233070606866463	15.164456867173767	25.64124698278758	21.219137156368475	12.889175886446196	31.796208504676507	32.00806248686354	24.875617961714656	9.507361518573768	24.632970564380155	18.27872779689593	39.43435755404939	31.691110144494402	7.4846018516510515	9.071034045414876	26.317394841625173	16.96396781416423	42.562597740115216	40.329594741921575	23.952053651886658	13.975573449275826	21.240817201415034	11.638647043363754	26.46488990220278	12.084060989401046	28.920339281099864	25.88717500623758	33.18269891288014	19.968367657481377	32.324718168285926	20.728216534381456	15.469698327640854	26.6113966938979	24.705849295993264	12.613917840099704	36.81503146481206	8.269556463441123	12.249668502074421	40.86795062547668	21.48982054701381	41.453967841622784	17.15838600190811	13.471349783893224	22.501375835514388	30.900776277742445	25.146078630797323	16.87160262755801	5.648165340410543	14.407464929075468	24.811417247416497	30.805141865135152	10.613642737127037	13.330489006829808	13.32380438540853	27.258299595850485	35.300445491684485	5.279619795808472	21.92509229272804	18.29315353800649	9.26697773972569	43.3807868712801	36.696720116946565	9.047108961460951	13.96676085869335	19.917464314372104	35.60158636987274	15.593232001540054	29.21294617965347	6.880631170435707	23.93121012756444	16.63963049898817	28.03740625674737	13.593706217006664	48.04761278840327	9.70902072954764	27.36442800280384	16.933285971369887	32.69732451313808	31.86947064954393	11.058158009877982	14.743163583956372	46.14079997665608	36.67087211493125	19.381573848810483	34.97903279237531
98A	21.888354117333538	15.661289159671918	0.0	29.95532179014308	29.822959259603994	18.747285823782573	21.233677259437986	17.671207344151668	35.67343818741209	49.02017573613301	26.03960548856299	21.626580094007004	15.94520483866353	24.060122999477787	26.524021735023517	22.206414641319796	21.692345538633667	21.506535864450345	49.14021452228309	37.44399644802889	31.16530465517704	20.8366243628073	21.10384869076017	5.552688250973575	25.34476438187149	11.961495786248651	25.90397241737258	30.26320392340476	21.58047146148573	17.41672628000164	40.96862289659491	38.139481250136086	48.00510304798114	16.18025404621324	20.828320937187904	15.192922924835763	30.721458220960507	38.63606251318163	23.172289938631444	17.622180682310574	48.258919897737464	15.846077645994994	25.473041298596442	25.18219062519007	15.206085644405665	16.157537188569304	41.10344631883943	23.351932752680536	24.220695510244955	16.641785631355795	38.16997808487713	18.262223710057157	40.680257731482385	45.21925822036447	19.59404360114334	11.43364950486064	25.992415315340423	40.343332708143976	18.57008347183767	19.90459396722274	27.18152143767281	50.564368541493714	19.47929189228909	32.38850217811918	20.60860068939665	32.39637921411183	7.406778516247435	29.076085690688153	16.389776905132045	22.961190338285125	17.22868601103017	10.773894931731977	6.579126871444598	43.81283122746761	21.532740845822048	44.045779096125486	46.253578132830555	14.250616885770242	11.729103953651173	22.235341181103905	18.2178489146634	28.836892919119286	31.200649470088997	18.840948796585472	37.16820948398037	30.35040694930062	21.75388640467638	6.691991755148551	21.51652191153512	12.663749001688945	32.25870320211939	39.42553098775801	14.127232608734667	14.444878016078581	32.89060040877939	7.566904320790637	46.22232060659796	38.68787071567472	22.627964954895965	13.516815391611807	23.509381017213116	11.703933783134623	35.836730197522215	14.159785557752388	26.214645917168124	31.887838118552356	33.629430131954365	20.598992805801068	34.56475996868995	10.012761346056429	11.2687271935432	36.43040077283515	17.892600092390282	21.510081812082905	30.1854992450592	18.423292201748865	10.189522247141907	42.82601438501289	21.094996871296285	42.175886567186204	8.244231458015552	15.248524190884835	28.32510434336473	33.673729893042776	23.889097610041514	14.436828098843447	19.155917654434237	7.385237986084878	32.48275101923755	31.848515207679952	17.740456377770485	12.573695449301027	20.439874535580003	21.716360906008166	26.82304409470951	13.062592826831281	17.10116784572035	14.909624863005627	19.391747162130596	44.60480557070056	38.48130445056115	7.754045725981507	19.720183450274998	28.01373188277493	36.88378053806759	11.735246250205199	22.625149434035947	22.168863150261	19.386423737051143	3.833103833709705	36.18259536192173	23.44600592851584	47.509503402398245	22.275459497224748	26.460222998136494	15.974152665866544	27.531531290907562	26.473567404582997	21.070735559063902	15.643207498212293	46.22493487517922	34.98565026996783	24.821782564991945	38.52528186979454
161A	32.33748438330158	36.76340938060172	29.95532179014308	0.0	31.638731882337655	21.5468948259511	25.285787170752148	32.183841388979985	35.82315245021933	20.620491319049446	18.88202789070354	27.630442820748712	37.12189481386192	42.07474604983569	8.543346934119834	13.268819673774583	21.86132673924521	32.87421273744173	24.103177066692144	42.10895992347395	14.477457164290888	35.93387703881696	36.84521414802092	26.42094634280224	24.048580132341222	22.036161943177436	29.83071724116685	6.727341152828992	35.705450575021544	23.471507791498567	39.65165014567981	29.094714247079363	21.364145198933155	26.477521975811715	18.610258900074612	35.19363562970917	7.129585335694976	39.42935988711219	22.500937364147884	34.45996979697115	20.99088309058862	29.794827866467617	28.855135566325462	24.239212453886548	35.706525708559504	20.295195183861146	36.11610411024479	10.319416089516478	40.20421428844271	27.46144592451946	30.214426615341843	28.22745550893793	38.82698530237015	19.82385053002404	17.52138904077909	32.42255808594898	12.938493736912172	40.98731149106155	36.619633083767035	32.12366811882111	25.708326525495526	22.9705564608794	23.77171879185176	30.435403650329174	36.51875692412275	32.53462140641037	30.196362339080558	43.6802498664542	15.515730846269468	7.482323505434222	31.561420522659674	29.85424767302719	31.080761607929826	37.97332955352453	41.25463120297984	34.56427452248459	22.574745643950532	16.953372474155383	28.801850867475352	35.19845166284436	25.52952100346186	20.869371348914513	34.14665055144445	37.27951162644941	33.432319528241784	42.056329832420914	24.10680839517694	33.02422175120723	12.707122395086278	26.688413175994715	4.860091546725419	33.77810739120788	32.220464851065515	30.473182409658914	28.161107642601053	23.55362046740266	28.338778712624894	17.495615153851663	36.53683914872211	22.809029562762596	27.14470958728065	26.5760789670957	36.2912707914474	37.263241222095786	11.462044160087942	36.077352117126935	45.194017173352776	27.10286774550986	20.294364143687815	27.298344677370633	33.53651572922235	34.93977621419403	12.833890303451577	32.07171758573643	11.363411288078979	39.543454199146545	25.716785645988796	23.424620659747617	22.34638673847086	21.361234890072033	22.710983901828566	32.636285469785115	29.91027162506133	45.109034594929156	15.467275856171424	26.283356132403764	41.31527146042462	33.72073152267069	29.62682034584523	20.367177406019742	28.23662894819162	39.382146004906595	27.80038076166271	11.96958078903795	11.67449243136942	37.73783375832464	20.25426778191149	22.116593511098124	42.476030095736085	22.745946442190967	20.485362232618996	29.727895417041132	33.93651260925033	34.015718045081	43.71140478913462	28.81782523701698	7.728738871735726	39.113554787826516	16.296245639255353	30.775124160959123	31.351882064775072	30.758425407537047	22.24056374902129	34.86726522326113	17.808793290721727	39.94024432675353	9.09751841683606	13.79029978039503	40.95305641106856	23.112585147284992	22.57756965054943	13.414742956084028	28.179822367050626	45.29444111203204
86A	25.623278236240143	20.230303359070017	29.822959259603994	31.638731882337655	0.0	16.866388008807768	9.669753611421626	13.852973327051487	30.637765863572874	39.77524876261879	15.154449016707932	13.950263691504185	32.30376404965077	20.309044210646636	23.959112462693607	26.593941569880574	15.419857026171908	13.351985765753676	33.616652204319706	34.57846007271001	19.337400400519197	26.97956856283537	16.38725755160088	28.446072159658527	7.782123965214063	22.891714711756403	7.633141424079604	28.85664839132477	13.248115394274004	22.864391809372492	31.12607788387246	13.50029038159858	38.16045612426875	15.919434223614855	19.237152818504608	25.13262270436573	25.847130599395793	37.65839683682756	11.449443567265613	31.336631392030636	36.96643753305025	16.50726513762898	6.698158105031558	12.482632945234085	20.10357524484139	17.4711877959113	31.602983308542257	28.132570209126445	34.78175774741696	20.528598344748232	11.467366044563162	18.95703790077621	14.443549371930581	32.819354853500705	16.367741189332477	23.96684764419384	19.463344384588797	35.170357760477785	36.36882362006108	16.86955168343249	9.858391180444537	38.27657953631699	11.960288484188002	11.230677054417338	17.738298829791976	25.39608641294164	30.136299721262414	36.50652216310477	22.327055784406507	30.662423758920827	22.026833877492844	22.705220082615355	25.9735102737392	17.963820674090858	20.77587931552677	16.388794597846914	34.91377429254026	22.841394695267624	25.225931708374134	36.70624691670215	16.18070294304102	12.04834235859196	9.17892818667315	23.203392996619165	22.350497463070404	40.111063085500085	26.902912579164596	26.15691079627071	20.096064793387335	25.97392746154839	34.40896678703683	15.390803574429338	19.610783621517538	17.818284978954626	8.92687634338014	25.621034678560502	24.576182271795997	28.494867446503854	33.002226364292454	17.508323379681013	20.375527559121018	19.879195381101315	14.075656476697647	26.922058799367047	22.098042878556008	23.046642399165226	40.408176449822626	22.361848773958844	17.26565868506704	30.848489757305558	29.585621593309472	8.240795196422972	24.633555186965083	12.528686845096736	33.17750918859316	23.561475984136052	20.44031082505841	24.925061059092286	20.577052801604026	26.20593538544723	25.346832964560548	23.041072826585133	16.214012845760916	36.91803935283598	19.115122784572158	23.72609003935447	22.679241930195232	29.74261281580874	8.323591338946066	19.178045755550343	12.21857955062463	31.471330665942908	10.859444036258171	24.572635349103276	34.31465139598323	24.808427314635082	24.65652301496503	21.277876034876115	25.457826556876363	27.250494215701853	20.921565646283206	22.64782986180923	19.724548938125295	16.244306971982528	39.04744238262853	26.015194853462567	26.492099050630163	16.27067452120531	23.55280804516735	30.76424180765715	7.93228137041025	6.825325266974456	33.01279038077177	12.057005735774522	19.87572207772867	32.99788646018129	27.093950989514656	28.973686288164988	22.965740266753855	16.0000796936462	31.295295089512447	25.14188068368196	14.902244066121298	36.934471363777234
173A	13.663396337797522	18.12718699511766	18.747285823782573	21.5468948259511	16.866388008807768	0.0	7.757841207640102	13.873969014441888	21.92794157322477	37.14904183708172	15.506600001295192	17.360864091155488	20.221195054473853	25.816987795970746	16.82087053853612	11.444873030727043	15.203722197339266	11.76323444489034	33.613446176847624	26.39699897119678	17.228883958389844	16.478464693663838	15.869534586574176	14.8720574157275	10.748056799533568	7.641733013037685	11.235814624971288	18.20064102971231	18.309177432579244	6.629201752257006	25.860068428523004	24.301026218353893	37.017124840752395	14.028485104979893	15.744635104411019	15.599021040554993	18.554074754238925	27.26692708285688	12.96762146201968	17.974244826104375	33.4488908917249	9.204843999674306	15.74977395288401	7.024085587381235	19.068543300019996	3.9866596541277772	25.139793814541495	13.856495352690136	23.029408666356183	7.2694861671195525	23.01726997698921	19.049145667570876	24.35024082587469	32.51565493839999	9.233093581646099	13.81056208665393	10.997619530488842	27.346677639971958	22.358936949665456	10.59399193268533	17.04336083143752	36.52811734709719	10.481615500224358	14.992911457823606	21.722000474362325	17.297052866017694	16.66086568874455	26.083436976786235	8.26974259714385	18.092883820812844	11.189402764702946	17.950761942394266	18.709804519197327	26.27355994582163	20.683697453331725	28.668918878878653	35.74389439039012	11.44795407111936	11.60776850837584	21.970404785844057	4.014934962580898	15.21358710996028	16.18617582853946	24.658443275192635	19.71394183153419	27.41466413131624	11.147476789416695	17.273277598921407	10.537362706447356	20.295412693152777	23.181153984146768	21.580942962904626	12.204711343203842	16.001946402646155	20.24558411384431	14.9872221397231	28.79953473304498	28.520884753824074	20.086966134263555	7.289386178765198	8.55747473246611	8.240331227507792	19.59271539448651	24.564841526608884	11.688449993193837	17.860847711727374	29.33683122508762	8.567069354035333	20.765570083112618	22.320215071828724	17.1711691187918	20.857118463212984	13.418471676722346	17.822933717600275	19.67236431566398	19.021596482265046	12.832037540033067	25.375028718223085	5.285690441253813	28.782220004499692	11.657855616095272	21.666568285791982	11.626997165967765	27.663981742347445	7.5074799507383	8.721887841689123	23.445129026298808	22.660137479801612	15.556496295382553	22.106317534340043	11.236705620238519	22.30380703552521	7.92011762089553	16.650718315443523	19.536220804791938	19.4378276153042	7.790417424831334	15.60475643987567	26.29588613276097	28.395829907340943	23.662251627285762	13.737146191427026	22.24234445923886	13.911270862673362	28.765858926683556	12.10801979642477	15.36210294329189	19.48440537015395	7.515873657999173	21.109698874187895	21.055835736026502	13.255247067017523	33.25764099829532	14.710630193448361	19.067592266145756	22.49858473288171	20.650284049734076	14.571660195237182	25.932021179067114	10.771841246176304	29.68195299517916	23.239515976691386	8.404922052895152	28.94764380552944
74A	18.566071412140342	15.55825696769067	21.233677259437986	25.285787170752148	9.669753611421626	7.757841207640102	0.0	9.289702985426594	26.4025435532321	38.05704517093209	12.302897461888515	11.689940080936344	24.397776784117944	20.25175712843032	18.369473622938443	18.18566144054131	11.328664673193142	9.087543677634141	33.768840113199445	30.496757231957567	16.6897623903474	20.244338948745916	13.08933546245919	19.121642118033055	4.995211268718599	13.23437454457478	6.284733404425216	22.651926113226143	12.310157349760463	13.881091631686735	28.908528268032438	18.91908008107449	36.99318679238459	10.174781641857784	13.899781580339912	17.971815564736445	20.901911491429367	32.641046913054154	7.906887526325581	23.190518897464514	35.25187995103958	8.94872208052157	8.25866247624028	7.152199058815478	15.71709202813162	7.918061428691655	28.864841193785622	19.97298444816561	27.760698728483632	12.070375283552844	17.721874258211866	14.981211982493503	20.408714461361505	32.17775729753697	8.930721107274014	16.065472850551103	13.52974098473593	31.547426095675707	27.912913919487448	10.879684741697279	10.7792929494798	37.36916562618776	5.501959310678022	12.55188170886191	16.244706006022568	21.24638753285542	21.067615137461154	30.413608687945956	13.240841207959143	22.71231716745868	14.53608903138189	16.276006949635416	18.65360416522011	23.240863518956893	18.012026874683837	23.488459539437716	34.58543115712698	14.15716072149389	16.319881063745992	28.33888304582033	7.50696603810958	11.2926585573188	12.034447519350653	20.385787010468587	21.254570004185354	33.10744205350684	18.58195061046421	18.423497228888348	12.821002409470527	19.41406988225258	27.869018004211544	19.131365759608574	12.484753205928914	12.447885197699293	13.97620732874014	16.974901850720343	27.227660532498714	27.289684272297762	25.48945605063597	8.257225508091372	13.606281737115198	10.836418322501649	16.980554576990556	22.115953060365538	15.647859571410834	20.04676297830675	34.34108414237665	14.548419796148547	17.85614508019273	23.24011924941844	21.16472803939484	15.540796494138569	16.500263047480505	11.367238485118394	25.891639415136066	18.597450842701615	12.459163583223066	25.34569297370438	12.403108083155196	26.959494611622397	15.88047357652036	18.472643712069033	12.834402710584579	31.779088042826817	11.959459438934905	14.664708139267914	19.855030412361888	22.70138212739418	11.557959103534012	18.700164452936985	6.048664450763662	24.27226046831423	3.5473479188569117	17.946895412090853	26.130777515116566	18.867085877315784	15.381010407155847	14.492761779093696	22.653335784812967	27.886143047380244	21.694349835162885	14.563442850913653	17.317100565992945	13.753997780037679	33.76039743426455	17.05867738886323	19.02114556958192	14.903967783672549	14.66430831152398	22.67856824434477	15.261032164798513	5.9391278967398335	32.99638050991138	9.973420842072118	16.68537176087303	25.62103334069328	21.772476053481856	21.283918926581304	21.22855491115811	8.45771968760843	30.70368488571587	22.876258941690804	9.762016933455724	32.88046211388734
62A	19.990964774538888	6.824901024923358	17.671207344151668	32.183841388979985	13.852973327051487	13.873969014441888	9.289702985426594	0.0	31.146102331502806	46.262669508275046	18.595928900344468	11.485571647179778	21.59760515966187	12.026708641602651	25.267432635707177	24.46959694986595	14.693375187040122	8.207305884935018	42.740934620825634	33.419632837600126	25.04358045987035	19.377138122972	8.025312863839014	17.780553248211934	13.356563254808345	15.22297622382401	11.68182237495502	30.50554140353702	5.034665977003836	17.542631881006336	33.97731760738877	25.301926386399366	44.68860081132772	8.545363655222637	17.51589558265577	14.496233648779258	28.892333196811148	36.77375585312753	13.359974176621755	22.21667871217478	44.30250303559896	7.108332474700598	11.008401609679764	15.431181264046192	6.920096178883635	12.863993975433916	35.067673102975384	26.33909138252766	26.695640805195147	13.748725759138559	24.453548576842593	12.64130886298931	25.4820965756823	40.306648818774306	14.976869878564438	12.348530276919599	21.95560933532658	35.8194745494682	26.56158301298278	10.55695252744213	15.317376646584535	46.152659825843195	9.569294599133203	19.471128355608283	8.947014942146895	26.433700762898845	18.84174819807404	29.64843619318738	18.086290553897445	28.053936285549565	14.017286541980942	11.35937925240635	13.441906913390932	29.64569673971962	10.727507725469131	29.89158633811288	41.73962670387971	17.203673346846596	15.466804385162725	28.687315626873776	11.51108420560443	18.973371867977434	16.294240643574884	13.260272366064815	27.75358699701475	33.5699923184679	22.947986044799837	12.940942432937781	19.580309716534714	16.974720511526673	35.06432401434844	26.138304752476465	8.22610540364003	6.6065689978297995	19.57753131142943	15.949973479601775	35.98146399714868	34.22676985852256	25.422422917574163	10.127830634581734	18.40147803336733	10.134150630417924	21.92151332025234	14.68314909098215	23.817145327736064	23.679871872014015	34.71475095690592	18.03023808912618	25.65644861930009	20.752142089819436	18.275068852469474	20.801698338239174	20.907140325368644	7.485827780713366	33.008581879163934	12.501963844916197	10.202154214919515	34.531000079680695	18.141843015526295	34.863941363953394	16.161054689179995	12.912525895424176	18.5398865574334	32.121299960715874	20.12434800713433	16.005264526259968	10.571190557126291	17.035853479581743	18.779459562097223	24.556331981016765	4.247962269889987	18.55037720535843	7.773532224240284	22.772067407242584	32.161502757728236	11.322326356013969	19.57220064753833	14.844479037301674	13.538424834521916	36.85532272277642	30.03795579757856	10.138684181218682	11.902860551669917	16.901503513001458	35.83116848309842	16.298811763948546	24.949052925964118	7.1891254596786665	20.480305864720386	18.600997930218693	21.488687008529023	7.0863777065578475	41.59028513646719	6.0759199560642765	21.695409870395277	21.324983362512242	27.71290813962973	28.20355616097019	12.791182431659701	9.907478107142554	39.944270815953324	30.568130852449908	15.317827614417029	34.91807076255257
50A	14.616449088513553	33.20926882759528	35.67343818741209	35.82315245021933	30.637765863572874	21.92794157322477	26.4025435532321	31.146102331502806	0.0	47.94255372787029	35.14384338211555	38.015862373579594	25.816925261042222	42.06086442123023	34.66832590580502	24.26609586325012	36.45023305920574	23.680733286788225	40.852238182122285	7.3290297751096904	32.860250359582544	18.335763736615625	26.86985070062004	30.913775603932265	28.116449660167703	25.71343186395434	23.709700204299885	29.678389226837588	34.77705346361464	19.276701851119256	6.675016015964362	38.10584788113696	49.91240790950164	35.12775107771316	37.254131945422436	24.573916763737746	32.97868983651917	7.3341007371273585	33.142981224453	21.75080513707736	39.46554480527144	24.970807940356938	33.79696411086521	20.34195392146307	36.421168689871976	25.77910091743137	7.511958781180765	27.103660033404147	20.162037292341704	19.916356187259193	34.77796554972383	40.38543507511016	26.281578944857397	44.72359513103172	30.526714176423788	26.743098345388315	26.964143092298016	5.520405731868304	25.307310634053746	21.093276322088986	35.85821573301655	44.65132546122729	31.312306559393623	20.68382020733849	40.06109321173655	5.304181558904244	29.618729556905603	18.82601407777181	27.917063356385544	34.24583936302456	20.162677285850044	38.18990648645849	37.58091178992416	26.568991257153527	30.992680415435725	38.36956348175988	50.340844226821496	32.32945546870188	24.098141055553086	21.2586365289972	21.188044639169554	32.56883260183425	22.947939375389375	43.99462548615077	11.723168405988602	18.643777306103196	15.815883819694896	33.05583026431182	30.056313076374717	41.57217837555411	34.475203681600135	23.2370688484298	26.39386256634424	35.83582827323289	36.05685649583324	35.03345390401073	34.60518251784505	44.7613574987936	18.259064090047012	28.617353216363817	13.705195739461159	26.150894186963814	20.520002607889154	43.331622394882366	26.062495857846734	9.387477695638538	17.688411416643504	15.417982095100232	36.09822496075335	42.44743758501485	27.17025797031767	28.379861849214468	33.30042495893666	36.80093944915372	27.168794379263055	28.24925045352426	33.51819028382616	31.047214989471943	17.343924885804952	42.10323157345494	30.018650206533646	42.09482872568131	14.489307155287928	15.472137429129445	23.304559805903747	21.321220438802268	38.288202395828755	41.090437446631725	24.376488647419624	40.722143331813896	30.540414490264187	32.59150078901155	24.758082531183007	36.77588706083255	28.973180435356404	33.062443813561636	21.518466611229794	37.45984043835033	42.450131402754344	36.49966980824773	36.53584493127732	31.433668788267585	42.355503299535286	16.17910313061607	12.055871875770503	24.111947497787412	33.0301812758768	32.551997967141396	22.92083110964662	39.16761166803227	32.40798641871777	29.501467705485055	43.17711388443381	27.798957293220145	39.37234843135471	28.97808537160887	39.12887616581902	22.816170020465265	43.42634123560389	32.431738325724695	34.666398718104226	38.82222290892521	16.84554125913529	11.113906550573697
121A	48.6933745806936	52.287532126782594	49.02017573613301	20.620491319049446	39.77524876261879	37.14904183708172	38.05704517093209	46.262669508275046	47.94255372787029	0.0	28.43088548197936	39.047546855060645	55.84821658897928	54.70787373131476	22.668510266378412	31.600267885284676	33.64455804260573	46.55713652665516	12.381186777101737	55.140011461420855	21.41530059040214	52.74743707625909	51.05030452464208	45.88056256860104	34.378367557559336	40.437530058691955	40.90130899561436	22.00559724265555	48.31761791112821	40.847493661111834	49.36198410958743	30.134473517556298	5.538608142182818	40.6062554273098	31.713063347445384	52.563539343365434	19.049149189087444	52.32114600429535	33.518235375296236	52.91361569883499	11.262974340141577	45.4091448973169	38.57139326834214	36.24207866119561	50.837368173697655	36.639872860494094	45.10513888627496	29.3751627529361	57.885915126483425	44.12659975979298	32.10679355004002	41.35133841761706	43.72194256953181	7.759296621069082	32.0351093850154	50.093594666050855	26.152602794322394	52.4746152436498	55.848592887334945	47.01477476718964	34.00949018368478	6.921979265305348	36.83712379654149	38.735260121272674	49.378242616421616	44.66958254197938	49.665068283420574	60.498865738095496	33.747307640959264	27.93853999162619	48.19568006360042	45.972603790606755	48.546997676914145	40.755122898198834	56.0046389242478	33.238048028132795	11.186639758113998	34.897633285773196	47.13132791822318	53.84814835466481	40.91501066779626	28.464276397723793	43.382614100762076	51.0635897582991	41.89261727245096	59.26284982398033	41.18036960881963	51.07028820204335	28.474514891781887	42.74219209608979	21.20516156256384	38.38834388138298	48.59256069556852	45.273247989919156	33.020927970724514	41.86730877349398	23.697269338186274	14.974013786598677	54.26011188747113	39.18963226394145	41.8610037378232	43.747702711019585	44.121994846786926	53.017633006261164	26.008889839392364	48.23874834358574	61.527948762657985	43.25748358807052	22.86990839570393	45.00141595727278	52.40696596713968	40.51649754135298	31.136498716595565	43.93028002974501	27.47922187374884	55.709539028368596	42.39490501931926	21.31735286689926	38.16167768622344	15.205088464725339	41.73394970010559	47.29100253623472	41.66125152322294	60.5901031110128	29.993465743910665	44.1791816528927	56.176617362726425	51.41670565447251	36.97288275600241	24.988892324490372	42.04023081850404	57.917281397497376	41.2400929755833	27.874482489578828	30.368291944472702	54.667967484992374	38.51215460100602	37.564667588919384	57.35139625156645	16.528799367635894	19.3616422110689	47.23923864075621	46.756615793690706	46.21152668822909	58.321936159063256	47.32538439421314	26.680827463537206	52.59734969674801	34.18064886141659	49.41667222538475	35.321642040957215	42.249166201888066	9.298921121829828	47.87754704646806	27.260654273926903	58.589245050972124	22.222180271145763	30.563418958954585	54.586538133857964	38.01606563448513	16.64983996275059	15.951939169674358	41.126684463761265	58.80329210486087
133A	29.03811518025488	24.8344258458946	26.03960548856299	18.88202789070354	15.154449016707932	15.506600001295192	12.302897461888515	18.595928900344468	35.14384338211555	28.43088548197936	0.0	10.876124082709795	34.08464608971647	26.299941408363118	10.365703497592435	19.335578458720423	5.900674132649104	21.32040493153083	26.672384690613505	40.546807297245984	8.656843068732774	31.349793608777162	24.802999695517336	24.42831000388347	9.336832430855864	19.151715864526487	16.979201541886475	18.752636454834256	20.131172796602453	21.63861071816996	37.480043072301555	13.890239316387815	26.274269877317344	12.861032190302609	6.873342168297743	28.693659595806178	14.040730983661625	41.16935926461593	5.344928156673384	32.7359870377133	28.746121505956495	20.058320121351052	11.105564896333128	15.467056112505905	22.94423665015537	13.60245029397277	35.9584384155613	19.194044935864873	38.25917182846487	22.15020221879099	15.603882113115318	14.183116353377685	26.60754929416837	22.237895958625824	7.44148317286334	25.768742091922142	11.032019096256995	40.52570427930073	36.681544211576714	22.942050060968832	6.962621768334748	29.175841238942883	9.172255454630562	19.975773840905344	21.003780371042723	30.126887007198114	28.053290646985204	41.38941047394404	14.490445484295275	18.694636387361243	25.51181888415206	19.5574561229215	23.13194437495995	27.624436641259415	29.041351263710542	20.95088598083198	23.156110101159	13.694584907607334	25.071903801311578	36.88953176760649	17.947436404405824	5.0318030715205	21.488079639716844	23.38553459346658	28.764038089678053	42.89815191581205	25.599989043337683	25.927343212100155	9.37670002457445	18.651673445922572	22.825944029879718	24.035001581027622	23.11401267542246	17.51314325532841	10.626812704193103	19.072727256478025	23.413418938498285	15.639263665106952	35.44905547401792	14.187992409522423	23.151146159081772	19.49891955981151	25.505407052557835	26.081473991924156	13.801895337084442	30.54364547182169	44.79721980584658	24.01229410012042	9.070470150421693	23.143535644059032	30.025085896005358	20.784515169961036	13.331257385241209	15.52273736262927	24.6536180211062	29.85177243088433	16.620983889599717	21.77051933807313	19.916418243917924	17.165451031207613	20.175763978375418	20.35196930684268	22.678267781347408	42.8210621971965	13.52507040626318	23.268736736946707	28.067777367002694	26.510147363268683	17.32604137001744	6.770616826813239	14.45165065120686	33.44274561002859	15.810602512654443	10.897066195387943	25.165693990030906	28.153943984626306	20.92666253899157	12.675957776655592	29.22270143798025	21.646544897511937	13.710002505334376	21.850711361144736	18.997909761668513	25.108407051556792	43.764110379876726	25.626671480291773	14.302881388213166	24.990398897209836	17.919443740785223	26.171216039763994	16.07988183464447	15.320360026230889	24.330385845456522	21.27634839391305	5.163934675548602	35.505789358754974	12.357324139508881	22.26956556884305	26.342011787257245	11.186833159710458	25.74666713791962	12.487780192885898	20.318914591158496	43.401478991031766
90A	28.620297134882872	16.88130183680622	21.626580094007004	27.630442820748712	13.950263691504185	17.360864091155488	11.689940080936344	11.485571647179778	38.015862373579594	39.047546855060645	10.876124082709795	0.0	30.8307906908617	15.91059596817479	19.494195547970172	24.97331833747214	5.875576144361403	17.75827341789517	37.231583143966766	41.86979220825559	19.353076501231012	29.238632832251835	19.200405708604176	22.110489945385655	11.916107450341304	19.079180206190145	16.367102280565724	27.745581935645426	11.44083952612307	22.918808828667338	40.5669387387335	19.099389759471226	36.4343058977469	5.614481548860945	9.558325212870717	24.638343066499015	24.07662956308577	44.02055699289823	7.1183370644062745	30.94402253364129	39.545489767375834	16.33393510416004	7.266398183591375	18.439255642896914	13.874879100824622	14.766313607752616	40.41342057488453	25.5885601962995	36.4207091510105	21.28037720677197	20.299678447268576	5.386644688103522	28.261754967301012	32.74979875606108	11.486726413443844	21.477607247142313	19.429286246850047	43.184688954101546	34.857148307323605	20.20537681070314	7.64733750372202	39.99079517917217	6.961281962577002	22.623454883088332	10.444632194936297	32.907068198199966	25.16939139256609	39.74686352106706	17.818798895057434	24.906299090387705	23.29144791683205	12.032747299037734	16.517795084382534	31.237634271819427	21.88004126433875	25.624950486290498	32.65435447911095	15.246748298817684	22.96153347342875	36.572021378869636	17.66246873860546	13.180072861240332	21.23316449616515	12.895066645222201	32.55834643286366	42.61429513219667	28.206781887187663	20.050890276604218	16.160471123910554	13.36812024333555	31.6178243331599	27.976283254377574	18.336562594470866	8.903480575142336	13.598234713097863	16.31668439244015	32.21368573934909	25.302914286337984	34.427181638387125	12.450957564250386	24.80302945962449	16.730009505750438	26.71948936286958	16.722222156451068	21.945064840984177	31.49865460916546	44.29825295722734	24.907160680355332	18.737685000546463	19.052265237434803	26.607019297076477	22.03976270524065	17.53737281616813	5.797214643688812	32.318219159856895	23.810880138513635	11.719388942581437	31.309480583808632	22.6393423946567	27.17108007672047	18.951396124362446	11.085369595214223	24.457747862385038	42.025731836087814	19.931170601412155	22.700211150663826	18.633426184949297	19.55514870838225	20.176256417059754	15.045597748833336	8.78578558191863	27.700270138782038	13.786174801818726	16.71249463911657	31.688948539233955	20.943774915568152	23.271435535329573	9.756991285810852	19.083035150690776	31.829213052830887	23.699734529979466	16.53398351193154	8.367390147172527	24.738782752239462	44.66825506568319	23.667927807118126	21.150510103966212	17.23434924975411	22.109793963874928	21.01839147181582	19.045479325832616	11.013966272987224	34.924676064443894	15.84184163063121	12.398714187646423	31.01204041863253	20.62368289414031	28.85325998370894	15.690122213115478	7.9521700152806645	36.082082969678495	23.152182200064857	21.402976126165125	44.00889688306158
