#date=2022/01/30 18:19:41;source=MUSIALv2.0;protein=TP0479.PPM3.pdb
	98A	161A	86A	173A	74A	185A	62A	197A	121A	133A	90A	145A	157A	169A	202A	214A	105A	59A	117A	129A	99A	87A	150A	75A	162A	63A	174A	186A	110A	198A	122A	91A	190A	134A	146A	158A	203A	215A	106A	118A	88A	76A	64A	151A	163A	175A	187A	220A	111A	199A	92A	80A	191A	123A	135A	147A	159A	204A	216A	107A	119A	89A	192A	77A	65A	140A	152A	164A	176A	93A	100A	188A	221A	81A	180A	112A	124A	136A	148A	205A	217A	108A	78A	181A	66A	193A	141A	153A	94A	165A	82A	177A	210A	70A	109A	101A	189A	222A	113A	125A	137A	149A	206A	79A	218A	67A	170A	182A	194A	130A	95A	142A	83A	154A	71A	166A	219A	178A	211A	102A	223A	114A	126A	138A	68A	207A	171A	183A	195A	96A	84A	131A	72A	143A	60A	155A	208A	167A	200A	179A	212A	103A	115A	127A	139A	69A	160A	172A	97A	184A	85A	196A	73A	120A	61A	132A	144A	209A	156A	168A	201A	213A	104A	116A	128A
98A	0.0	14.824867059686301	30.980638686278276	14.713125367382256	37.769362582507135	42.90289722395211	8.393439456867474	43.242204842444636	14.106812487431586	22.02394163580147	27.114400847766	16.42997591336911	20.217313781893875	24.733551001931854	40.27294706386717	27.97270412980007	7.779576866528297	6.998875663673091	27.602029247814787	18.314572060626723	6.959526499498523	28.132817457873912	32.54403264233049	37.875954081827054	21.52688328273466	11.002195366784255	20.91347571480941	46.02430070400508	13.77612671486034	41.341488164390455	15.6979171647955	22.99397128885263	46.0031879838048	23.89899594475331	21.299966352509934	20.25543970901535	40.439795660899264	23.664714173116913	6.909315565927583	22.859744682421198	34.40386648115046	31.029027203929907	11.07254214042536	30.372573074282432	14.728540729981443	16.85516114715083	48.796368736331345	18.81011579502429	18.350904468681282	35.05338650950465	21.394204124923398	36.86507259211926	39.350018694051755	10.605086748825459	24.9077614553942	23.56820571743743	18.21646122404575	34.23773312980952	24.559259059579862	7.677975176973221	19.385462576999892	30.95257456784238	39.60356824271717	34.41927516059809	14.976943531827699	13.406317169468034	33.72184640942863	21.335044452372777	22.741306105082874	17.300865813273305	6.227762724731531	46.672692933892186	13.28823081611026	41.05732491691749	33.1377328484212	21.538883665491017	12.147090495830222	24.491012723491494	27.379279300522047	38.54205948181378	16.54461782192261	8.646644820454474	36.24487466466194	29.93769996881525	16.45599683443054	42.15619221726679	17.099342960492827	27.478321246661388	15.594436537770633	16.664218571021156	33.3746340706796	22.657409124218557	29.04303801801799	28.224586386104342	13.672278382770033	11.26777340725479	43.65681404285815	15.200210307949547	24.618097067446595	10.85395680539283	23.91192923100838	32.455171273256596	35.88268095087409	40.099718465345866	22.665508890927704	22.77764101042951	19.13913140372073	37.21873800177062	42.87153982020654	22.900873830263528	10.90547406376979	13.807893933865834	41.88903371666472	26.510010268659748	31.963238684811373	22.254389755099606	18.843044089412828	25.66864793869635	34.44467948223292	14.05536975718399	13.345463574698142	26.878253181656394	10.223294212510739	17.415982372920826	22.420939444090116	30.61144729795341	16.73587192895017	38.07929085765939	47.2675895549676	7.196412223385272	40.90576954250136	14.110131261159276	36.43256384823275	16.01711974385186	9.07630598670005	23.477577456420466	31.606297544174346	21.59844147139573	38.91568154007118	28.37427901971941	33.99465772427398	12.342551798104349	30.00453142258499	13.519381547632275	19.77378923389917	26.106353598419393	20.882117071525315	20.834344792446814	5.1431908599839335	41.55210540260131	36.296564783889835	44.238111704979254	34.80349737586718	22.2748538819948	6.2887294865938985	17.26931973825901	16.901050879204753	34.46964885851893	24.018539631599637	26.503514658665313	32.86366726473688	28.233281407124636	10.711027428587967	28.251660575680265	12.799555534817953
161A	14.824867059686301	0.0	25.73554252779118	4.4987932353883435	25.315810146012986	32.568018917519225	13.700854304951566	29.618496932798813	19.456779759727443	14.651734609023835	21.074086851147822	17.37000219737913	15.28367082011414	18.504788458209273	25.783322030166065	16.88968080841085	8.824968606386571	19.99398668681634	30.216987545645686	10.826054395135923	12.80950272204888	23.86823307749112	27.599508955617768	25.197239341399193	7.60258444825984	15.44751235531272	8.751894163295676	36.55373192439949	16.7616643072235	29.41744984528553	14.123951042280241	18.424621050736626	34.694587386968884	18.99173595917348	18.852439585808426	11.347345596920977	25.670729554131576	14.672785426320514	13.502470138330695	27.733196800907468	27.070951001705858	25.959793428176702	9.709816454273065	25.224567797492284	7.008710906841893	5.792115924819311	38.69030394911093	14.125363135576425	15.107007295775926	23.311465323008942	20.08709612205757	31.261618853160954	27.87237938070125	16.86673785139023	15.729651489857693	23.973009189185017	8.74146583800439	19.425551730892423	12.28906840017296	8.738705895828978	20.079970720631877	23.859268411694092	27.631976315046472	31.40678734350228	14.094497839036594	4.3483615067193195	25.935476505814137	10.72869309891753	8.9834331137295	14.524142069644743	15.21345055390509	36.45716603659398	10.204237904319369	36.11977682345776	20.360429984400042	21.296617306197007	8.462934437243705	14.704197391164998	24.10266695104445	24.37031592927754	9.174715126090494	14.361988434480459	29.429709070044833	18.248938175318436	10.057598146809815	31.75354306914728	8.396182422094588	20.612943084620966	17.24511191190936	11.333454468726973	29.602772461053416	10.512590158739108	17.48939705723618	19.082315866043103	9.71683842194887	18.660099303404266	32.15879064290451	17.895420180479782	21.564504759767612	12.096927659304962	11.890284625213845	29.084299932733092	21.80520179422077	35.229248043005065	12.32258200333001	16.25226348618158	15.831992131921064	24.67276919444654	31.196066762984	12.932787025967777	10.766874046963283	6.4235686936349286	36.71585605367581	23.080443847720126	21.890690373857204	14.251647980981758	11.59258075833837	13.278242660894259	22.568596866514575	15.918685869400985	14.983023996546631	24.35977595774758	7.398885285736613	9.467080275717437	14.435905289559523	16.06921183958416	11.681799319754164	27.03958603985443	35.072927901133816	14.70303009147571	35.06379381907839	9.88337111577399	25.48511763112658	11.22484124901572	18.278334716099753	20.002269693151685	17.38877893812991	18.595332152831563	25.565065529845178	16.69489937704441	20.577123003256656	12.940519517661944	28.44892127553861	11.665972802505836	7.333062574528963	16.15387076145063	6.905979493065686	12.436933566930746	10.762165145260568	29.744344513818085	31.125347176253374	31.67469751389269	24.247110229682008	25.050810521597985	17.76086684683631	13.730532032188497	12.349584216668505	21.25731309939625	17.638290582676976	23.358966789043226	19.00261879783587	14.744658501630063	15.43136647771361	28.39456258424403	8.756572521793053
86A	30.980638686278276	25.73554252779118	0.0	22.054791959733823	19.089388073503915	48.097440207074264	27.901412515881297	32.12664087747221	28.13221748614033	36.73981024069371	7.898311385546634	33.42073416776627	32.31239219485562	17.64076659336485	30.609929483943553	24.194882494232584	31.129404880072794	36.210265915724776	28.83455138046195	36.47390111864235	31.205477496947545	5.546437448939633	40.48515042787876	19.87165577477418	26.599153660460807	21.292831748129853	19.09926508773522	54.123511156798614	22.11824999434856	28.90780362557947	25.286650132844255	13.788524247278628	43.90648347480167	35.87592278518176	30.887149295864134	32.86208890480792	33.470345434518244	20.968097012150253	33.84635185950923	28.487143805536817	7.4018744860752115	15.009149465825827	20.590706310990672	34.88738692655126	25.077206784747762	21.830978042396282	52.3228391088006	14.454928393256278	17.429559453722348	25.795797678594866	11.433162234810625	9.959936530294758	39.21957758170657	30.44326929656226	34.89726600415928	35.45528521161225	26.92805990291906	30.17991354568465	18.482542603126575	25.5673362734173	23.56929816527905	12.022554113157979	35.87895793062418	15.582526784133066	16.156731372153974	29.70204640497716	37.995621478131774	22.681176350114633	21.910963613524945	15.138581462194534	35.63918114501931	48.20444014170272	20.408392812455848	11.90090253200945	32.90126660038671	15.919345061512423	27.398141525703895	28.4292896004719	33.963583209677275	26.039648811200674	18.14512724109834	26.278231508016383	14.540690743806781	35.13003727655914	16.59627418013125	38.98647820778864	33.209405972743625	31.272966794421663	16.807037106893645	27.12662018774083	5.215641552488009	26.436523016227003	16.999925754455795	16.40809968578358	22.892686215306526	40.24350030411691	46.55275536159914	22.80448218974949	15.24964808405427	33.656637511438795	29.27109724649949	37.22214771999786	25.75719756082754	15.510370753457899	14.41727290006677	9.952021702411912	18.184932000262375	40.06583806226876	35.88935018480413	36.80423709774317	20.937523986553423	29.725153594010237	11.20817321710499	36.79350160722452	14.957140157379687	21.45444681021623	14.556919580993084	30.98172569337021	20.740938501853737	37.885623933563274	27.807800284603914	21.11961701978755	30.607604229790674	30.35120258428816	14.190474205871343	27.570412868102633	20.930963921604278	42.89193575291216	38.05099165870463	24.329960541794506	10.221129734668345	32.79961822856862	18.07228620533385	32.866537822072495	33.07953970542307	36.76048410572826	23.788996968789753	26.650992133333748	30.602677669906402	29.51361305715551	24.402289384759868	37.03733072438536	20.067377598667452	36.16040973109025	30.16221624941358	12.589642667037781	28.042300978833737	17.895936516776647	26.423753805761578	46.611203494304895	7.590907899787463	33.55435455626438	13.71951123543954	31.226576884222176	28.89959063183249	35.20436697609403	28.535012170941336	20.681053809696053	36.54267920014897	25.486909777540195	27.84233861449358	22.625807583653227	38.50454145655207	26.565613750918878	32.985468007707574
173A	14.713125367382256	4.4987932353883435	22.054791959733823	0.0	23.98418564103273	36.20924851389474	11.830422469867102	30.532868345417583	19.5113743477362	16.283961119888893	18.28241202841628	19.680929193819384	18.3019755183209	14.42441398175703	26.526212189948932	18.029249745548583	10.526155715674282	19.82524159324261	29.71775974053851	14.705349687869557	12.487084251992336	20.613742732739517	30.5545379702097	23.494346845771265	8.561655082097353	12.227214702580694	6.299697717547544	40.53610627883265	15.55664897449274	30.020685555539664	14.869942832618895	16.46847244238225	37.34412735567391	18.5646720445994	20.788997235636497	15.411486754751955	26.82701603874452	15.042608779147004	15.411371401461421	27.071570554701978	24.266039222244007	21.68201800720876	6.590124211998375	27.450622223598653	5.039346023331968	6.233064695172743	42.156954932215406	9.66786468682399	13.620363078267047	24.07749082119083	16.87958241184129	27.18618260063384	30.680814198313584	17.691719648147124	16.484212121646607	25.93121447451872	11.54867691627496	20.503603856768056	11.658683733986491	8.652234508335662	19.664673662101645	21.923636220605506	29.832030009530214	26.97083530101769	10.257508019880616	7.794120055358295	28.81846392708767	8.281825739632351	9.486590439432016	11.891533223213656	16.40119472282525	39.60390689330603	6.16941843971009	32.11778181545284	22.948459737020364	19.12075018289592	10.563819109992734	13.507665782581538	26.130412691459163	24.066442149696197	7.369395834384758	14.08895132413336	25.43548692275792	21.69482952414132	7.155984602775427	34.010291886913706	12.850346541943939	22.82892875945974	14.350439320187693	9.431498047275154	25.595406466446406	13.013552379961629	16.58708443415458	18.175233130569694	9.926549670060771	20.191364490111525	35.551266170341385	14.193801445781833	19.794605162299685	14.977253636377009	12.157890909148236	31.091007308577392	22.167225152734147	31.00357226769554	9.488849365028454	13.057543029354227	11.484194037018403	27.952104052996106	32.91123110938344	15.993366229464884	8.857145453526584	10.2005710408185	33.05131700707898	25.84474091535821	20.53995084244888	10.883300077811397	7.551550069457224	16.582006211340467	22.263170045618693	17.12180968585776	12.565287158130817	23.607334452602718	10.329872525513995	9.919574002877772	12.565694735900971	17.53813922076175	7.69188067878963	30.59681429628411	36.57745738311835	12.815088957317489	31.715914174093953	11.30118238524315	24.44134901493985	14.918054162732215	17.14404846939448	23.200970295678047	17.02636770657343	15.525889476058547	26.829750832695055	19.16623631342895	21.051687809173956	15.460448809819514	27.0539517374176	15.364796854575129	9.708654323563351	13.964959328623118	10.343328175480844	8.458540394919503	9.85323078662347	33.38736125796093	27.977074574444195	32.78975480331853	22.37145748973872	25.646886035051452	16.046681161274186	14.603886603092842	14.67855628258043	20.59036039934995	21.37332425375303	19.76610934688117	20.440855580439234	15.326656700714086	17.95568130928419	28.008482512439095	11.083554133831282
74A	37.769362582507135	25.315810146012986	19.089388073503915	23.98418564103273	0.0	35.911389659770016	34.93095041484493	14.709905903687487	35.44314928633365	34.09871168588245	17.3303703909896	35.344490237164266	30.584021641664094	23.548529089211847	12.80808889816262	17.192646031241253	33.883147251497576	43.54871608516912	37.198071834549886	33.46103849815485	36.4191704240363	20.348976654756708	35.95347787816768	5.845495416678251	22.29661772724352	31.756225449158443	18.119023247465	42.1244505333679	30.780557608794773	15.230688494436336	28.853086987764822	21.072501467464935	30.398971869830827	35.87418999172874	31.503573372383762	28.76072719149037	16.38856097523876	19.054202177672284	37.516667865106044	38.15201970981698	14.639250788602993	24.617530000658753	27.457041986437027	31.658881056768056	27.128645404427527	21.809087959737536	39.54219246119438	23.002387453383097	23.97325713133937	14.386690975661033	24.824728254638895	22.194160027658935	26.74942322119613	36.235322703712434	31.344739038654666	37.13301346500821	24.83517562430259	16.30477761718428	13.86258265580008	30.446593589639846	30.38221141371634	15.984400867721888	22.741232750227063	28.983532322673863	26.31503656973836	29.38853949403316	30.901367294591175	22.290717378073925	16.809209393322806	23.81809604761333	40.089406273145705	35.776297159979634	26.893276278653747	25.026462352655614	20.973794294574155	27.059799315589913	29.191142300219553	26.42416262312458	32.95677913196878	8.777276161260389	21.707738935428928	33.279034586592495	21.803194967361197	25.482545709490967	21.838795833972394	27.555999660086172	30.34953189575858	27.38156471629224	28.415069858116958	29.673186830771613	23.3633167182814	20.98248004884076	10.058295990771326	14.450959818180475	26.355445411157298	43.840935261440315	33.05255178136735	32.99121987659109	23.598086094709746	35.31201460000706	24.959646669180646	35.433770548332895	9.428886943855042	26.940016328461606	15.463447682491985	17.91874354784212	26.441152868209066	27.04316185286033	22.540783674634437	31.85373931984548	27.88656515241704	29.174825546465005	23.826680754065002	34.66691421866741	10.145974406958981	23.826035718398938	20.288068726881498	23.07321251376308	8.92708745641314	40.03480741247286	34.2356782487126	26.812646712108325	31.928233587218706	29.952808448596848	17.26270974287255	15.305918505714743	26.200239222826458	31.06912533368135	23.17855155764545	33.48564024075595	21.167384667138098	33.46401115243888	8.046024318465193	31.6914141983107	40.53647291443667	34.58584153474752	11.932835064919091	31.80916245938315	15.039293325954668	20.957295642965644	10.139598125812803	38.05812701206758	28.492581595917212	35.83206742693891	26.585988308380294	12.511086058127963	22.80974586662465	21.27442320898502	32.72870867704174	33.2621918324695	20.458883702033535	18.2423067437573	6.684943760241213	36.868641855861085	38.3412165951995	35.65369582993234	28.732639769898782	5.097353328801163	32.20510516692191	31.954480422068688	14.474184970160334	12.895903359529852	40.62846934544474	33.127918615202944	33.46462633886715
185A	42.90289722395211	32.568018917519225	48.097440207074264	36.20924851389474	35.911389659770016	0.0	45.56690091846369	24.429900180335686	39.26517922854844	38.27465127111073	41.177204172099934	30.657596358843797	24.361434571687763	47.746313798195835	26.738383858738548	24.046976304876544	37.11496574725922	48.16145005906017	42.9351664134462	30.789586252612477	43.23302222410037	45.35283438325703	19.07809158067963	38.84966580366239	32.66287264360468	46.34579648323797	35.58287309253517	6.7401660514045405	40.21647861891012	25.567670527213053	32.717954786203386	38.08307114774916	11.1253969098613	46.163043204384095	27.89279913319321	22.783027879472247	26.04080509573748	28.479455343347148	37.0986421288447	44.256256706315106	44.052374477326126	53.6995337140792	40.55874074238582	22.407945565432637	39.03180253416695	31.46802654527541	6.617915583904632	43.90077632447563	36.83298987809524	24.05098277922551	44.61564518651756	54.99449789220581	9.940385233521516	37.669165517383234	39.32251092208261	30.328694777693865	26.45288893465904	27.598186047635522	30.716308634677453	37.31006555881709	37.37775189411483	38.60004976134283	14.60696592162837	59.210530318205805	43.70857375066393	33.204333540790245	15.025991939122264	39.35762244535303	29.217636486578307	39.72794367471306	41.653008877414344	7.657707581712505	42.204436636544884	58.3663941616542	15.729646002182925	42.52477161010583	31.675244877259928	41.37223137615307	25.75339247381873	32.37469490424252	35.049245062051156	39.21781828164612	54.1316402861614	14.558153811794572	37.33962218847863	14.8056396215345	27.182627684667157	21.650582102824522	44.00286807980324	42.63099406867303	53.28135203525371	23.928586706734105	31.458523706080815	32.27440806971112	33.53365140024895	43.50812270165445	4.389675239334562	50.25277080121617	39.46272362544028	32.63768931720604	36.25533200559785	25.754362437306533	27.394952478505637	60.10606947300911	36.693963835083316	40.061540798232414	47.10248186679564	10.533006692464422	18.2741613320333	31.89413140447675	39.027029746819174	29.585929043712316	56.36583575909706	23.11149836601024	34.309594757558045	43.76911755795896	39.91224235369348	19.68303616282079	29.431734335296152	42.810422480933546	47.30899699420069	37.16401484263602	33.19481677102695	38.410805816152966	35.1840217897104	24.332413357725493	43.48236563097457	5.761804986657248	20.86531940955429	43.87327652687139	52.914151133425754	38.376106040734754	33.86979585855407	26.957296136249237	48.98809686425362	22.995299764319785	32.14080172099364	49.85933811255931	21.46059651315435	18.91974742404722	26.002012861574805	37.452358443773456	42.07897728905677	31.475176638761493	32.54508039538101	35.90783339880896	26.18461913138186	41.839526821717335	40.764465816030594	7.763223568580386	49.18622690070583	22.765203966935477	37.576649348285905	37.18326487154999	48.066116410231736	41.25498106316795	27.99395951313739	31.632070470850643	19.658764028313897	54.03737731811409	22.20347823529468	26.6429530608313	37.839043597566814	39.45063143548214	36.322544507512085
62A	8.393439456867474	13.700854304951566	27.901412515881297	11.830422469867102	34.93095041484493	45.56690091846369	0.0	42.35874038258646	20.230840364076204	18.14863790598086	25.798461157723658	22.88491463117179	24.834500156580795	17.800947124979217	38.17440656669456	28.928803650175134	9.56095682492936	9.931477093831816	32.55390139661154	18.4556016427926	4.520302889379721	26.507739900140862	37.71704184430546	33.84664248714675	18.118158547801304	8.307897062352152	17.265730775860316	49.01751432363708	17.370784516300194	41.47595530510415	20.01456225407482	23.53675273559115	48.032077392392935	17.434883308797083	26.562895830448053	23.036048286504425	38.15281892080944	24.95086499173231	13.527897918066678	28.147181010385435	32.310543346700555	24.430085354090835	9.039932585058443	35.06518744354395	9.667994533102092	16.7137221886023	51.71015845139186	14.02594364463401	19.84616027455246	35.419693790107075	20.69455011283042	31.82049393721228	41.24616309922855	17.658671659428695	19.84676580139722	30.037892370597856	20.384111896095146	31.46398306918256	23.160956247466387	10.269848245235544	23.62634470117576	30.534381618622398	40.92665021693801	28.267144999469497	12.327147360321604	12.85827367789381	37.616696826621244	15.650450033669248	21.283452309822533	17.26027248111828	10.442863994525792	49.52160882172643	8.273757531731139	36.62091706755145	33.954051535538504	23.04953755302183	15.750637078871005	18.14775104467746	32.6342946305891	35.33031299937736	16.195769596150363	14.004009030297857	30.07585011751322	31.60678991220981	15.16524706415669	44.53249052232401	18.92874788415057	31.295436302494984	15.82920273230166	9.836407866405587	29.755339838747755	23.590607349588286	27.738339342272585	28.242481869310318	16.190179987678388	13.689475091738245	45.560033581902175	8.269640202671015	25.958161642087354	16.42282970402873	19.093748662847748	37.806688436798105	33.9319480891158	34.30500707257519	19.68315608873539	20.743636158848894	12.401849715286195	38.24333247266133	44.132099255461185	20.866536930948474	11.838898795659906	16.239455417756663	38.51639982631874	32.03755659904069	30.91391290308608	15.41041495554357	15.343589172481051	26.772475469640412	33.60531012810319	12.0838431717318	5.015900224466997	29.805701657286363	13.122534864320468	12.71022463121799	21.82432190357861	29.11778776712055	10.115044529646656	40.25334107216015	48.054169550857814	9.09397080986645	38.12080180573537	11.120981231986955	35.23315037383553	20.199451709011104	5.64754556104773	28.95507554041296	28.086102969798464	13.331221237961753	38.57503909822014	29.812981834038922	32.85110098633554	13.471769264742068	32.45305085120691	17.150355651167793	16.96071863683861	24.085142533801744	20.572703851591953	15.079239716445274	6.824688500030538	42.95874079086507	34.389585727186784	44.420506356632096	32.59896937391718	28.43016099593501	6.54636912294728	13.001111929683677	21.097091751806513	32.07267076353757	28.3185720131422	18.26510538932933	32.16115837297134	27.12283929572521	14.97877713667588	32.5818558237306	11.712919270477993
197A	43.242204842444636	29.618496932798813	32.12664087747221	30.532868345417583	14.709905903687487	24.429900180335686	42.35874038258646	0.0	39.55063329009492	37.508850095620076	27.688742782239693	35.917182781209284	29.46618520331024	35.27890662056069	7.917353654296365	16.75800512596474	37.992677570542305	49.32394718857891	40.876434405140664	34.399920559922215	42.36556893058985	31.574118068408136	30.22489547078328	18.329969347904733	26.783653160237645	40.56741492607006	25.943145799744908	30.654225167638398	36.825876197378925	8.242047908377344	31.97901403794236	28.610295880498597	17.396868741424264	42.06450022684228	31.309801492033614	27.446232952322944	11.289900959012762	21.877506330490508	40.59849020760696	42.74626758204939	26.621381237329008	38.296446497300686	35.10881416832265	27.785813597148174	33.90600745494941	26.508956349212774	26.768694911758136	33.577889659075915	30.368860502256535	10.838008836201498	34.61050124593635	36.76892683804144	15.743073472792101	39.70064226430779	35.66119173089085	36.35450901937262	26.08004038407121	16.06405944168461	19.828450727776755	35.70158744454847	34.69060373264992	24.429783582033405	11.65984572797687	43.204787981465216	35.70459667618263	32.849072360548774	23.959305970139003	30.383575305024102	21.095458936335458	31.91855280659849	44.27462794259208	23.273006777987124	35.43823785390381	39.36105312667616	13.76844625478778	34.77652675894609	32.127533653577295	33.49230340175989	30.696187920934367	12.817585740506116	28.31223365511188	38.38570128630773	36.19319626618412	19.537483637700802	29.614944715666176	16.837064705113345	30.758348032169543	24.405865997970864	37.02156926240775	37.09386487601118	36.94525433922636	21.210850447637377	17.03156987065842	20.126249224157483	30.834761356315816	47.51091152417702	20.900806658011845	42.97640767126777	30.583285790025073	37.08714963808252	29.99662497336515	31.79215888032396	9.37708454874392	41.62950513732489	24.89563306130622	28.126664303393163	37.189094392264245	17.370238063173375	11.06773507192969	33.04370889252816	34.63354419676399	31.133560268285205	37.285389916842526	31.4517652440663	18.232646220243527	33.55360852352752	29.8831605529342	20.34688577412258	12.188844971869472	44.35536013424302	42.46776908667513	31.02569523056577	34.86805461423201	35.20225043144037	24.912604335703957	14.461381790895645	35.39279399019661	20.932574907926856	10.269867307886136	40.66762473714279	33.95730674706416	37.87515622010523	15.022876889091405	31.815463143360805	47.55703889715891	31.86515261682997	17.650259252537623	41.51351018016106	4.924445381619989	17.218079892396812	9.69663547775192	40.89354529169968	34.094215274858605	36.88845222381698	29.907632599071572	22.237491513726003	24.048910670040108	31.258482909345332	38.850619104206366	22.452808899375057	32.29354987700457	6.199643133967323	18.628665040940604	38.907502057535474	45.769213322186175	40.38472077277422	29.805728217740498	12.832794509040305	28.74028992849285	43.187747158268095	10.804029459559763	15.284395289303717	43.01633337552372	36.2928308273475	37.099629081680206
121A	14.106812487431586	19.456779759727443	28.13221748614033	19.5113743477362	35.44314928633365	39.26517922854844	20.230840364076204	39.55063329009492	0.0	32.18688128693102	22.184607904781387	10.040321988113728	15.154339774467248	30.293008662032523	39.188442851708054	22.8262362108946	17.490537355953364	20.28857092059468	13.819260232552251	25.700155347293144	20.104346840297993	23.35505521428925	24.185206619377432	37.65318265874767	26.7935216846406	16.445417750850844	23.806034059302128	43.311296578323486	6.257217063119993	35.185496114413326	7.78199740252228	16.14453422958917	40.226024361288886	35.421338497653224	11.914037542432872	19.945915578132784	40.577860372539334	17.815748494989407	13.819010500918278	9.656206998515492	29.511470861369702	34.780749445634434	15.452003518538879	20.67122276589191	22.861733864965267	17.04020534978335	43.968527447632425	22.026972609356317	11.89600941069505	29.373108365688843	17.05000912756354	36.7796531250636	34.52445003182527	5.038406599434447	34.38587179796555	12.769592017024493	16.367091305120276	35.98650425940953	22.94164912458465	12.071164304332468	7.195645595122945	24.06115800256578	34.337799361636435	37.16034924347229	16.86988895767973	20.417065846085197	26.39891888896099	27.634937978264038	23.020808614940403	13.810238013879415	18.752194911529692	40.92730583989741	19.597832201547188	39.460617952868176	30.18192346790082	13.305810497673562	11.960429491661248	32.79608276913571	16.922427779912397	38.40742659483896	15.317990811226233	6.358804558180427	38.50051411862067	27.82285091358212	16.180488221236786	34.99298688184474	20.839303998094564	19.337266813396873	12.880191938593152	26.517316694829386	31.225317330020577	20.791007984222407	25.61948710324706	22.14541710552722	10.732994813687307	23.80114016635476	40.40921087296106	23.561840527446414	15.794154551605478	14.025314359717186	31.12861156163413	21.30805550847657	34.32296224104208	41.28499727773059	22.86440140398388	20.368849978446118	25.30423766223094	35.452251138366066	36.473112617378845	30.726473528171883	11.594874816055587	16.470214600909124	38.239753325653105	18.12632370338785	26.803464440254732	29.11210429091133	20.52841201846845	24.494411279451253	29.739536047688905	26.922447012121562	24.762930426247802	15.339529160798897	15.919459224483727	26.961907631415855	18.432175916044205	30.554736315339774	23.96686679564102	35.08266736501722	41.07674138655606	11.990230889260548	36.287016689191226	24.818900029853292	31.197603657973477	15.975112014908966	22.67942885202157	17.409276205517564	33.152952694813834	31.472260978173853	35.10630639681608	24.545553609564404	31.130892399436306	23.041812667409662	18.532480082277182	19.441228920633993	26.558993138964354	23.579269794517465	22.84108069903874	25.773153714184847	13.8535780576716	40.248505233113946	30.692202069725933	38.65523801504784	30.94312879409805	8.469696156316324	16.949434916834257	28.911167202311297	12.118035844845434	32.59886405922057	20.472175197386818	35.23793201821948	30.77053833333347	26.466657554836807	20.387640654302793	14.790227518913433	22.706054390844752
133A	22.02394163580147	14.651734609023835	36.73981024069371	16.283961119888893	34.09871168588245	38.27465127111073	18.14863790598086	37.508850095620076	32.18688128693102	0.0	34.00469169622872	28.960585709821085	27.09240355351866	22.837433487720368	31.47633370928867	29.39697983472809	15.301630294657189	22.884426542029313	44.358316847880445	10.08535615452638	16.03702210643309	36.38455247217485	38.53967447231646	31.82062697670637	12.186131370404775	24.591474012018594	18.512079569343225	40.476320799451706	30.117618366450202	40.029360081041915	28.120224060522244	32.575271584744605	42.833354562142055	8.60416170178209	31.972930934271456	20.903931955710764	29.427597614647087	28.689312741155717	21.0698652178514	41.244728445489415	38.93573887873947	31.051630438104905	20.970895757672114	37.76150607737907	12.577221735772211	20.232228197438133	44.84787914184011	23.49902343621327	29.48564600837211	34.638062617883385	32.93594366509935	39.18792117742564	36.17352271967684	28.39994465546972	5.01706933934586	36.41726902163671	21.95168468040059	22.699448608211263	24.364901834263993	20.503236330073996	34.30316430187343	37.23415280080389	36.78129491716812	37.23482353852325	25.193246617015777	12.12481243074175	36.6767922314519	14.517443881472332	20.395093137558657	28.086296793758766	18.568212217458253	44.018828098608004	19.02069150271636	44.882525629156255	28.818245044046073	35.20497603480752	21.446798416343405	11.189877345991428	37.011213463175665	29.935406431895863	23.317031003727536	26.395991168646034	34.94981517207577	26.133313487918322	23.436850425306627	41.852784676777055	15.600992839322748	33.29059068562571	29.73946827047334	11.477017759565516	39.74269724372937	22.526304588786722	29.29800841130169	32.511964062417306	24.006668161497988	17.90827981515109	37.59461222559237	22.97958868987435	35.89204213380819	20.919026189875403	9.51652548058091	41.848358548067495	29.447316332691198	41.601645743950215	23.64723203800746	28.787360549813314	21.80088183446665	30.035946745029158	41.05375168922637	6.420517886696884	23.601449813475504	17.699908634469846	46.96649567432076	34.71199055136586	34.19599681090252	17.099975040132854	22.788841052266584	22.499432400829882	33.78808628233144	11.189236204293119	16.484904669132522	39.00771861525121	16.811123080788715	6.790583550040685	28.14673718813199	23.200504242452027	17.413931514896134	33.17500975029998	44.279657203207336	24.87887824852211	46.05208464496033	7.928676185504855	36.940533374440705	21.39100005483341	19.943361097001205	30.747576782861074	22.873235470176425	17.473713391977093	34.237919518808994	27.473836921777078	30.054845628311025	12.571523094574996	42.97617344665006	16.72798234900082	8.688389286931836	28.251424608423754	16.66673727597249	19.196685661121315	20.139779999498877	33.16800257983725	43.191439547971136	41.051902796002395	35.19011839754227	38.51223231768246	24.159334809913478	5.8493713738482205	25.481654950897717	30.112668515478678	27.203625629484918	22.87485163644409	27.56977586418045	25.16541025318427	17.756519663480553	42.88761145703274	9.874492704853438
90A	27.114400847766	21.074086851147822	7.898311385546634	18.28241202841628	17.3303703909896	41.177204172099934	25.798461157723658	27.688742782239693	22.184607904781387	34.00469169622872	0.0	26.470830817723787	24.992460572029398	19.605640034081507	27.07635171053455	17.132370384742448	26.76343670424675	33.248374284400064	22.881804363523333	31.767179862722404	28.241871481257906	4.247628685677324	32.61723793174047	19.713777495999715	23.16464195733095	19.398827690811057	15.945601961120634	47.190022390150666	16.675658355735838	23.560599651263942	18.35954855531294	6.419590331639069	37.291563107579265	34.94906263093652	23.30431478542237	26.274943484979918	29.98872126253784	13.455436078268196	28.69211225720485	22.974719377938726	7.523261675771542	20.17125555228418	17.158569376245357	26.990588303108435	22.453338371714832	16.130247258652087	45.343559340280464	13.780138485032241	10.731259597586398	19.585857647412894	8.23476922195691	17.462367724783363	32.45680525286218	24.575809333136622	32.90270765460702	27.974188672134346	20.25371983480398	26.783581317691414	13.001355271235724	20.75136322886613	16.844818015963533	5.849666014651927	29.40348034199731	22.295095030922393	13.882563380010197	25.189581321664445	30.300804986267874	21.19494375516769	16.75006255946621	9.922832822446534	31.629312889926787	41.19064546351986	18.274160141820158	19.60067430812862	26.550780028298814	10.613314478626469	21.286533172733623	27.503477408421567	26.118861983509856	23.866729605120266	12.508632920920224	21.042978231722326	20.592924502763243	28.472399819359907	11.801165493631945	32.04823704985768	27.5156349132735	23.453263167444074	13.29943863215871	25.6229291699726	12.789629716813643	19.88916777768464	11.553683373498025	9.224406671675116	16.63715556131143	36.495861749693304	39.99726469635589	22.957872298048756	8.39417158244669	27.813845523008464	27.006123836856144	29.37802405840022	21.828102686419836	23.07844353744661	10.86121550678017	5.4441131305087485	18.80229486584609	33.87980169494634	29.651859411435826	32.93161882018547	16.29490163278755	23.909779816821583	17.693252963993483	29.023063977923947	9.634602598043275	21.471896701113998	11.883285006914356	24.562165517450126	15.574640690289566	34.87568953959451	26.787062450195705	14.041118809787042	25.360372852586814	27.719007816789237	7.343612296108468	22.797493334206884	19.958416734690044	36.12233767813669	32.4429379221643	20.897696045258193	15.205107191452866	29.539009508720795	13.940310968155949	26.36074793240046	31.1267707808939	29.239985896409426	21.206980228818868	27.466319473749213	25.307410168817675	22.60911749469423	19.46311827552746	32.83277632014828	14.361012657732594	30.678092250174846	26.443870774823328	7.667477945960601	22.584205056976334	17.184630417824593	22.56773795093833	40.380356066478114	10.325238076351235	28.277714839702934	11.241939748606217	24.385251788604094	26.535266368028466	32.66981912339822	21.477983142941074	17.386922214184267	29.261084270774877	28.01780595903583	22.457292684019734	17.220701302421517	33.77432648237222	19.99917656751609	29.059774337657124
145A	16.42997591336911	17.37000219737913	33.42073416776627	19.680929193819384	35.344490237164266	30.657596358843797	22.88491463117179	35.917182781209284	10.040321988113728	28.960585709821085	26.470830817723787	0.0	7.006716179852016	33.312896127367736	35.690132474090774	19.78899239090314	15.856704358882398	22.372250012571378	19.845965515691095	20.257231940099818	20.960902956456813	28.963939240243196	16.589071687095508	37.70214853627512	24.34769678673688	22.11353096239947	23.873092036862552	34.011092988422824	13.851991242236615	32.52857900639335	8.164311546801542	20.40976204818076	33.53301248709471	34.41236600441578	6.674395763850074	12.490328843749472	36.404829872981885	16.691684507580998	11.61067438330797	17.715260857974886	33.39784357138842	39.23011853952267	18.755211434177294	15.123637260448472	22.916194324374626	15.943325412241347	35.59385719406955	25.932662010644673	16.075792873590597	26.596950319773505	23.755278158232542	41.92823168969806	27.677004356053416	7.688644547118747	31.771445228870576	7.994210399679887	11.801461828933714	32.22117277214627	22.15767133930268	13.33990593173832	12.93573181479052	27.196080162176784	28.685168835567268	42.96014002322601	22.086365324247243	17.397006975587786	19.215346107264466	27.712058109918505	20.972848026419438	18.805044991304857	17.957019299566397	33.21974516853644	22.455786142811085	45.22786902836814	24.219771978294002	20.42354898456681	9.146349668036972	31.990824092620688	11.928069625492075	36.3790522368215	16.9474166054497	11.310268485038254	42.57318371354664	20.527942130612328	18.824257192809256	29.241181274977396	14.658903992113466	13.817397550280589	20.052781100760065	26.937699356192088	37.40606481635877	16.315912405532213	25.384695953752047	22.913262896616104	11.388954749326004	22.040482628990315	32.335029857486525	28.32372725336408	20.925656862449983	8.86738565458965	28.93834497479256	16.764063019231667	31.605370526620945	46.70236688520782	24.271942017739327	24.15194689328608	29.046204940720454	28.021607304056946	31.72180668916888	25.85548911782382	15.50452911651947	11.78986166691535	43.947298088658876	10.402757148548016	27.77388182492681	30.52668185863752	23.34800078432841	18.289930289422166	28.63339497018686	25.118503788074985	27.105857311396953	19.266797953344494	12.563218103853806	25.306093268222977	20.551387243322534	26.622459321359962	26.230731244572656	26.86584566389286	36.584279321679276	17.57740902606082	41.50495012629281	22.726086922301242	31.45709075272219	8.511759875640024	25.202571685092636	8.108237115736072	31.252340623861	33.673825146667646	31.07394394208269	19.075964762627336	28.490952204874432	19.601200769978362	24.032031959969604	13.573411460629579	23.259861822760016	25.1587441855231	18.365191453535136	27.6433861664956	16.28458710330108	31.911537417915174	36.06746158493214	34.88009994430922	32.293085182133964	11.609564272873989	21.71803074924152	27.006529064746555	6.77586683697204	31.44776417637261	11.306398578349341	38.362684592497466	26.726483609538537	23.944313711714525	16.74879208232155	19.287702506310556	19.91229364299854
